0 0.780873015625 0.0978835984375 0.1871693125 0.0978835984375 0.1871693125 0.923240740625 0.780873015625 0.923240740625 0.780873015625 0.0978835984375
2 0.37220899531249996 0.337633928125 0.334325396875 0.337633928125 0.334325396875 0.40060019843749994 0.37220899531249996 0.40060019843749994 0.37220899531249996 0.337633928125
2 0.4343700390625 0.37070105781249996 0.3921974203125 0.37070105781249996 0.3921974203125 0.4111838625 0.4343700390625 0.4111838625 0.4343700390625 0.37070105781249996
2 0.5137218921875 0.40542493437499993 0.4699090609375 0.40542493437499993 0.4699090609375 0.4455869703125 0.5137218921875 0.4455869703125 0.5137218921875 0.40542493437499993
2 0.52297784375 0.49140211562499997 0.46494543593750004 0.49140211562499997 0.46494543593750004 0.5646693125 0.52297784375 0.5646693125 0.52297784375 0.49140211562499997
2 0.43172453749999995 0.512895171875 0.3673958328125 0.512895171875 0.3673958328125 0.5752529765625 0.43172453749999995 0.5752529765625 0.43172453749999995 0.512895171875
2 0.36427414062499996 0.40872850468750005 0.3244031078125 0.40872850468750005 0.3244031078125 0.440292659375 0.36427414062499996 0.440292659375 0.36427414062499996 0.40872850468750005
2 0.3669196421875 0.468255621875 0.3277099875 0.468255621875 0.3277099875 0.5342377640625 0.3669196421875 0.5342377640625 0.3669196421875 0.468255621875
2 0.4184986765625 0.5757291671875 0.3607804234375 0.5757291671875 0.3607804234375 0.6268568125 0.4184986765625 0.6268568125 0.4184986765625 0.5757291671875
2 0.5216550921875001 0.6137582671875 0.45998511875 0.6137582671875 0.45998511875 0.66787533125 0.5216550921875001 0.66787533125 0.5216550921875001 0.6137582671875
2 0.39337136250000004 0.640211640625 0.35747519843750003 0.640211640625 0.35747519843750003 0.6784589953125 0.39337136250000004 0.6784589953125 0.39337136250000004 0.640211640625
2 0.40130456406250004 0.43187830624999995 0.362432209375 0.43187830624999995 0.362432209375 0.473373015625 0.40130456406250004 0.473373015625 0.40130456406250004 0.43187830624999995