2 0.40130456406250004 0.32771164062499997 0.362432209375 0.32771164062499997 0.362432209375 0.384722221875 0.40130456406250004 0.384722221875 0.40130456406250004 0.32771164062499997
2 0.46478835937499996 0.3541666671875 0.4203042328125 0.3541666671875 0.4203042328125 0.39265872968750004 0.46478835937499996 0.39265872968750004 0.46478835937499996 0.3541666671875
2 0.5428174609374999 0.3918650796875 0.5046296296875 0.3918650796875 0.5046296296875 0.43235449687500005 0.5428174609374999 0.43235449687500005 0.5428174609374999 0.3918650796875
2 0.4277579359375 0.4153422625 0.3855820109375 0.4153422625 0.3855820109375 0.46146329374999995 0.4277579359375 0.46146329374999995 0.4277579359375 0.4153422625
2 0.3854365078125 0.3955042984375 0.35251322812499997 0.3955042984375 0.35251322812499997 0.42441633593750006 0.3854365078125 0.42441633593750006 0.3854365078125 0.3955042984375
2 0.396016865625 0.459986771875 0.3442476859375 0.459986771875 0.3442476859375 0.521005290625 0.396016865625 0.521005290625 0.396016865625 0.459986771875
2 0.55472056875 0.4765211640625 0.48975033124999995 0.4765211640625 0.48975033124999995 0.5487896828125 0.55472056875 0.5487896828125 0.55472056875 0.4765211640625
2 0.45949735468749997 0.5112433859375 0.39748677187500003 0.5112433859375 0.39748677187500003 0.5620238093750001 0.45949735468749997 0.5620238093750001 0.45949735468749997 0.5112433859375
2 0.4436259921875 0.57241898125 0.3888872359375 0.57241898125 0.3888872359375 0.6175942453125 0.4436259921875 0.6175942453125 0.4436259921875 0.57241898125
2 0.42246693124999996 0.636906415625 0.3822751328125 0.636906415625 0.3822751328125 0.66787533125 0.42246693124999996 0.66787533125 0.42246693124999996 0.636906415625
2 0.5533978171875 0.6137549609375 0.49801752656250003 0.6137549609375 0.49801752656250003 0.6572900125000001 0.5533978171875 0.6572900125000001 0.5533978171875 0.6137549609375
0 0.82319444375 0.0830026453125 0.2367724875 0.0830026453125 0.2367724875 0.9179497359375001 0.82319444375 0.9179497359375001 0.82319444375 0.0830026453125